[
    {
        "main/loss": 6.908263683319092,
        "main/accuracy": 0.0009677822235971689,
        "validation/main/accuracy": 0.0009990409016609192,
        "validation/main/loss": 6.90980339050293,
        "lr": 0.0009999776155453107,
        "epoch": 1,
        "iteration": 10010,
        "elapsed_time": 901.7707180758007
    }
]