[
    {
        "main/loss": 6.923520565032959,
        "main/accuracy": 0.0009709768346510828,
        "lr": 0.001,
        "epoch": 1,
        "iteration": 40037,
        "elapsed_time": 97094.38822585996
    },
    {
        "main/loss": 6.907846927642822,
        "main/accuracy": 0.0009585123625583947,
        "lr": 0.001,
        "epoch": 2,
        "iteration": 80073,
        "elapsed_time": 196101.24923513178
    }
]