[
    {
        "main/loss": 976.9990844726562,
        "main/accuracy": 0.0011848415015265346,
        "lr": 0.001,
        "epoch": 1,
        "iteration": 40037,
        "elapsed_time": 141748.021481012
    }
]