[
    {
        "main/loss": 6.914062976837158,
        "main/accuracy": 0.0009522204054519534,
        "lr": 0.000999999998998897,
        "epoch": 1,
        "iteration": 20019,
        "elapsed_time": 12004.088374635205
    }
]