[
    {
        "main/loss": 0.13815510272979736,
        "main/accuracy": 0.20000000298023224,
        "lr": 0.01,
        "epoch": 1,
        "iteration": 1,
        "elapsed_time": 6.150940820109099
    },
    {
        "main/loss": 0.13815510272979736,
        "main/accuracy": 0.20000000298023224,
        "lr": 0.01,
        "epoch": 2,
        "iteration": 2,
        "elapsed_time": 6.33879169030115
    },
    {
        "main/loss": 6.907754898071289,
        "main/accuracy": 0.20000000298023224,
        "lr": 0.01,
        "epoch": 3,
        "iteration": 3,
        "elapsed_time": 6.516775000374764
    },
    {
        "main/loss": 6.907754898071289,
        "main/accuracy": 0.20000000298023224,
        "lr": 0.01,
        "epoch": 4,
        "iteration": 4,
        "elapsed_time": 6.686155030038208
    }
]