[
    {
        "main/loss": 4.178742408752441,
        "main/accuracy": 0.20485685765743256,
        "lr": 0.0009999776379300157,
        "epoch": 1,
        "iteration": 10010,
        "elapsed_time": 11043.359206281602
    }
]