[
    {
        "main/loss": 6.905738830566406,
        "main/accuracy": 0.00110280339140445,
        "lr": 0.01,
        "epoch": 1,
        "iteration": 10010,
        "elapsed_time": 2922.5931718023494
    }
]