[
    {
        "main/loss": 6.910478591918945,
        "main/accuracy": 0.0009188423282466829,
        "lr": 0.0008451311715311629,
        "epoch": 1,
        "iteration": 1252,
        "elapsed_time": 14883.449960670434
    }
]