[
    {
        "main/loss": 6.908594608306885,
        "main/accuracy": 0.0009623189107514918,
        "lr": 0.0009999776379300157,
        "epoch": 1,
        "iteration": 10010,
        "elapsed_time": 919.6953356331214
    }
]