[
    {
        "main/loss": 6.909388065338135,
        "main/accuracy": 0.0009375623776577413,
        "lr": 0.0008451311715311629,
        "epoch": 1,
        "iteration": 1252,
        "elapsed_time": 2460.3857051935047
    }
]