[
    {
        "main/loss": 6.909458160400391,
        "main/accuracy": 0.0009562824270687997,
        "lr": 0.0008451311715311629,
        "epoch": 1,
        "iteration": 1252,
        "elapsed_time": 16858.307130661327
    }
]