[
    {
        "main/loss": 4.640104293823242,
        "main/accuracy": 0.15721392631530762,
        "lr": 0.000999999998998897,
        "epoch": 1,
        "iteration": 20019,
        "elapsed_time": 104980.48164837994
    }
]