[
    {
        "main/loss": 6.909125804901123,
        "main/accuracy": 0.0009094823035411537,
        "lr": 0.0008451311715311629,
        "epoch": 1,
        "iteration": 1252,
        "elapsed_time": 2687.590498570353
    }
]