[
    {
        "main/loss": 6.9143571853637695,
        "main/accuracy": 0.0010076365433633327,
        "lr": 0.000999999998998897,
        "epoch": 1,
        "iteration": 20019,
        "elapsed_time": 14986.290504215285
    }
]