[
    {
        "main/loss": 6.9122233390808105,
        "main/accuracy": 0.0009732941398397088,
        "lr": 0.000999999998998897,
        "epoch": 1,
        "iteration": 20019,
        "elapsed_time": 138526.38826486655
    }
]