[
    {
        "main/loss": 6.912115573883057,
        "main/accuracy": 0.0009912458481267095,
        "lr": 0.000999999998998897,
        "epoch": 1,
        "iteration": 20019,
        "elapsed_time": 54942.8024554234
    }
]