[
    {
        "main/loss": 4.484559059143066,
        "main/accuracy": 0.16385801136493683,
        "lr": 0.0009999776379300157,
        "epoch": 1,
        "iteration": 10010,
        "elapsed_time": 56597.58181680739
    }
]