[
    {
        "main/loss": 0.13815510272979736,
        "main/accuracy": 0.20000000298023224,
        "lr": 0.01,
        "epoch": 1,
        "iteration": 1,
        "elapsed_time": 13.805787545628846
    },
    {
        "main/loss": 6.907754898071289,
        "main/accuracy": 0.20000000298023224,
        "lr": 0.01,
        "epoch": 2,
        "iteration": 2,
        "elapsed_time": 24.45516226347536
    },
    {
        "main/loss": 6.907754898071289,
        "main/accuracy": 0.20000000298023224,
        "lr": 0.01,
        "epoch": 3,
        "iteration": 3,
        "elapsed_time": 34.927860480733216
    }
]