[
    {
        "main/loss": 0.13815510272979736,
        "main/accuracy": 0.20000000298023224,
        "lr": 0.01,
        "epoch": 1,
        "iteration": 1,
        "elapsed_time": 5.034427018836141
    },
    {
        "main/loss": 6.907754898071289,
        "main/accuracy": 0.20000000298023224,
        "lr": 0.01,
        "epoch": 2,
        "iteration": 2,
        "elapsed_time": 5.433810752816498
    },
    {
        "main/loss": 6.907754898071289,
        "main/accuracy": 0.20000000298023224,
        "lr": 0.01,
        "epoch": 3,
        "iteration": 3,
        "elapsed_time": 5.799340076744556
    }
]