[
    {
        "main/loss": 5.8255414962768555,
        "main/accuracy": 0.039557021111249924,
        "lr": 0.0008451311715311629,
        "epoch": 1,
        "iteration": 1252,
        "elapsed_time": 13820.408553160727
    }
]