[
    {
        "main/loss": 6.908212184906006,
        "main/accuracy": 0.0009225610410794616,
        "lr": 0.000999999998998897,
        "epoch": 1,
        "iteration": 20019,
        "elapsed_time": 949.9426534632221
    }
]