[
    {
        "main/loss": 4.2933149337768555,
        "main/accuracy": 0.193094402551651,
        "validation/main/accuracy": 0.3535245954990387,
        "validation/main/loss": 3.2635459899902344,
        "lr": 0.0009999776155453107,
        "epoch": 1,
        "iteration": 10010,
        "elapsed_time": 2302.9372474611737
    }
]