[
    {
        "main/loss": 4.235218048095703,
        "main/accuracy": 0.19419018924236298,
        "lr": 0.0009999776379300157,
        "epoch": 1,
        "iteration": 10010,
        "elapsed_time": 52109.41295167897
    }
]