[
    {
        "main/loss": 6.910572528839111,
        "main/accuracy": 0.000945976295042783,
        "epoch": 1,
        "iteration": 20019,
        "elapsed_time": 81638.71482438873
    },
    {
        "main/loss": 6.907483100891113,
        "main/accuracy": 0.000953829032368958,
        "epoch": 2,
        "iteration": 40037,
        "elapsed_time": 164187.96545129782
    }
]