[
    {
        "main/loss": 6.909291744232178,
        "main/accuracy": 0.0009686110424809158,
        "lr": 0.000999999998998897,
        "epoch": 1,
        "iteration": 20019,
        "elapsed_time": 85888.90610687155
    }
]