[
    {
        "main/loss": 4.344240188598633,
        "main/accuracy": 0.18256743252277374,
        "lr": 0.0009999776379300157,
        "epoch": 1,
        "iteration": 10010,
        "elapsed_time": 59985.987539201975
    }
]