[
    {
        "main/loss": 0.49551871104631573,
        "validation/main/loss": 0.20098799467086792,
        "lr": 0.0001838193067048081,
        "epoch": 1,
        "iteration": 32,
        "elapsed_time": 27.616252282983623
    },
    {
        "main/loss": 0.11255533652729355,
        "validation/main/loss": 0.10656990017741919,
        "lr": 0.0002493422398361141,
        "epoch": 2,
        "iteration": 64,
        "elapsed_time": 64.5443685449427
    }
]