[
    {
        "main/loss": 98.49451446533203,
        "main/accuracy": 0.001141598797403276,
        "lr": 0.0009582605664386356,
        "epoch": 1,
        "iteration": 2503,
        "elapsed_time": 8779.883077422157
    }
]