[
    {
        "main/loss": 5.770635604858398,
        "main/accuracy": 0.04285486787557602,
        "lr": 0.0008451311715311629,
        "epoch": 1,
        "iteration": 1252,
        "elapsed_time": 15640.534930531867
    }
]