[
    {
        "main/loss": 6.90771484375,
        "main/accuracy": 1.0,
        "lr": 0.01,
        "epoch": 1,
        "iteration": 1,
        "elapsed_time": 5.700844733044505
    }
]