[
    {
        "main/loss": 6.935511589050293,
        "main/accuracy": 0.0009738313965499401,
        "epoch": 1,
        "iteration": 2503,
        "elapsed_time": 11098.07330002077
    },
    {
        "main/loss": 6.906668186187744,
        "main/accuracy": 0.0006744604324921966,
        "epoch": 2,
        "iteration": 5005,
        "elapsed_time": 22466.144378827885
    },
    {
        "main/loss": 6.906763553619385,
        "main/accuracy": 0.0008743005455471575,
        "epoch": 3,
        "iteration": 7507,
        "elapsed_time": 33879.0642116731
    }
]