[
    {
        "main/loss": 4.236553192138672,
        "main/accuracy": 0.1938631683588028,
        "lr": 0.0009999776379300157,
        "epoch": 1,
        "iteration": 10010,
        "elapsed_time": 44719.55405769218
    }
]