[
    {
        "main/loss": 6.908445835113525,
        "main/accuracy": 0.0009491220698691905,
        "lr": 0.001,
        "epoch": 1,
        "iteration": 40037,
        "elapsed_time": 1354.122009492945
    }
]