[
    {
        "main/loss": 6.871595859527588,
        "main/accuracy": 0.001409216783940792,
        "epoch": 1,
        "iteration": 79,
        "elapsed_time": 736.1769221606664
    },
    {
        "main/loss": 6.467637062072754,
        "main/accuracy": 0.009552784264087677,
        "epoch": 2,
        "iteration": 157,
        "elapsed_time": 1578.0308227478527
    },
    {
        "main/loss": 5.914366722106934,
        "main/accuracy": 0.02971629612147808,
        "epoch": 3,
        "iteration": 235,
        "elapsed_time": 2413.075742959976
    },
    {
        "main/loss": 5.4463701248168945,
        "main/accuracy": 0.05852488800883293,
        "epoch": 4,
        "iteration": 313,
        "elapsed_time": 3249.760800393764
    }
]