[
    {
        "main/loss": 6.90977144241333,
        "main/accuracy": 0.0009701721137389541,
        "lr": 0.000999999998998897,
        "epoch": 1,
        "iteration": 20019,
        "elapsed_time": 62449.292239320464
    }
]