[
    {
        "main/loss": 6.913802623748779,
        "main/accuracy": 0.0009927572682499886,
        "validation/main/accuracy": 0.0009990409016609192,
        "validation/main/loss": 6.909789085388184,
        "lr": 0.0009999776155453107,
        "epoch": 1,
        "iteration": 10010,
        "elapsed_time": 3087.160536465235
    }
]